<?xml version="1.0"?>
<opencv_storage>
<LED_locations type_id="opencv-matrix">
  <rows>3</rows>
  <cols>3</cols>
  <dt>d</dt>
  <data>
    2.7812196686114063e+00 -2.4058666129337814e+02
    -1.0911426633390388e+02 -2.9365937746793435e+01
    -2.3672710311297109e+01 9.4303760207663800e+01
    -4.0492415969638387e+01 2.8232963488433143e+00
    -5.6563276752963247e+00</data></LED_locations>
</opencv_storage>
