<?xml version="1.0"?>
<opencv_storage>
<LED_locations type_id="opencv-matrix">
  <rows>3</rows>
  <cols>3</cols>
  <dt>d</dt>
  <data>
    5.3634958956649626e+01 -3.9217285677137011e+02
    -1.6754759434299865e+02 -1.8025205495515806e+01
    -1.7086913788046676e+01 7.5482759803826468e+01
    -2.0241595671110190e+01 4.2592784741792684e+01
    2.7925453445703624e+01</data></LED_locations>
</opencv_storage>
