<?xml version="1.0"?>
<opencv_storage>
<LED_locations type_id="opencv-matrix">
  <rows>3</rows>
  <cols>3</cols>
  <dt>d</dt>
  <data>
    3.8047867351533426e+00 -3.7248832773878144e+02
    -1.7647385598912663e+02 -6.2709819035368071e+00
    -1.5094901383204707e+01 5.9402739726302634e+01
    2.2362738472231740e+00 1.2510571930569836e+02 8.4061026368398416e+01</data></LED_locations>
</opencv_storage>
