<?xml version="1.0"?>
<opencv_storage>
<rmtx_screen type_id="opencv-matrix">
  <rows>3</rows>
  <cols>3</cols>
  <dt>d</dt>
  <data>
    1.1618472432539733e+00 5.7319949166763688e-02
    -1.7861202087691819e-01 -1.4968938457743858e-01
    1.0078635182657367e+00 -5.4312238235510413e-01
    1.2622022890290069e-01 5.5763126708652189e-01 1.</data></rmtx_screen>
<location_screen type_id="opencv-matrix">
  <rows>3</rows>
  <cols>1</cols>
  <dt>d</dt>
  <data>
    -1.4884894946833495e+02 -1.4910293563684141e+02
    1.5726019188010096e+02</data></location_screen>
</opencv_storage>
