<?xml version="1.0"?>
<opencv_storage>
<rmtx_screen type_id="opencv-matrix">
  <rows>3</rows>
  <cols>3</cols>
  <dt>d</dt>
  <data>
    1.0887837772487516e+00 1.1803309660919274e-02
    -1.3729522395969723e-01 -6.7992616413874760e-02
    1.0080560083641417e+00 -4.1011089153762875e-01
    1.2160030000558225e-01 4.1503528635344311e-01 1.</data></rmtx_screen>
<location_screen type_id="opencv-matrix">
  <rows>3</rows>
  <cols>1</cols>
  <dt>d</dt>
  <data>
    -8.1068979786890594e+01 -1.9196294938317806e+02
    4.0543408533180013e+01</data></location_screen>
</opencv_storage>
