<?xml version="1.0"?>
<opencv_storage>
<rmtx_screen type_id="opencv-matrix">
  <rows>3</rows>
  <cols>3</cols>
  <dt>d</dt>
  <data>
    1.0995804621782621e+00 4.0040117155465176e-02
    -8.3678205698784161e-02 -7.3250703362729555e-02
    1.0012008985078900e+00 -4.3575716084162119e-01
    6.0091401569521946e-02 4.3963094612541670e-01 1.</data></rmtx_screen>
<location_screen type_id="opencv-matrix">
  <rows>3</rows>
  <cols>1</cols>
  <dt>d</dt>
  <data>
    -1.4258844455924904e+02 -1.8613983976006244e+02
    7.5018647698352936e+01</data></location_screen>
</opencv_storage>
