<?xml version="1.0"?>
<opencv_storage>
<rmtx_screen type_id="opencv-matrix">
  <rows>3</rows>
  <cols>3</cols>
  <dt>d</dt>
  <data>
    1.1592608672180520e+00 5.4027994874148222e-02
    -1.9288365070439042e-01 -1.5430030245519108e-01
    1.0103140824879320e+00 -5.3820483804707331e-01
    1.4055729889424493e-01 5.5417704403365864e-01 1.</data></rmtx_screen>
<location_screen type_id="opencv-matrix">
  <rows>3</rows>
  <cols>1</cols>
  <dt>d</dt>
  <data>
    -1.5328291100657080e+02 -1.5028514473905366e+02
    1.5369504032610575e+02</data></location_screen>
</opencv_storage>
