<?xml version="1.0"?>
<opencv_storage>
<mtx1 type_id="opencv-matrix">
  <rows>3</rows>
  <cols>3</cols>
  <dt>d</dt>
  <data>
    6.7841528578766502e+03 0. 1.5403515003821446e+03 0.
    6.8253942488566818e+03 9.8465225109716312e+02 0. 0. 1.</data></mtx1>
<mtx2 type_id="opencv-matrix">
  <rows>3</rows>
  <cols>3</cols>
  <dt>d</dt>
  <data>
    6.7559510451202923e+03 0. 1.4326249081969750e+03 0.
    6.7807854216683127e+03 1.0303314152169762e+03 0. 0. 1.</data></mtx2>
<dist1 type_id="opencv-matrix">
  <rows>1</rows>
  <cols>5</cols>
  <dt>d</dt>
  <data>
    -2.9856143472198157e-02 -2.4625086015502986e+00
    3.4924472541097561e-04 -5.4163701940166764e-04
    3.6301646940001895e+01</data></dist1>
<dist2 type_id="opencv-matrix">
  <rows>1</rows>
  <cols>5</cols>
  <dt>d</dt>
  <data>
    -2.9559131144799734e-02 -2.4902367343979215e+00
    -8.5751049492016035e-05 -4.3463098089322229e-03
    3.8143304280341823e+01</data></dist2>
<R type_id="opencv-matrix">
  <rows>3</rows>
  <cols>3</cols>
  <dt>d</dt>
  <data>
    9.0166920102746029e-01 4.2682118797461501e-05
    -4.3242646784943467e-01 6.5951184285235782e-03
    9.9988232808593747e-01 1.3850429392598087e-02 4.3237617456494432e-01
    -1.5340409371406336e-02 9.0156281839309593e-01</data></R>
<T type_id="opencv-matrix">
  <rows>3</rows>
  <cols>1</cols>
  <dt>d</dt>
  <data>
    3.1497922640879710e+02 4.0773775823919429e+00 6.3917286589251688e+01</data></T>
</opencv_storage>
