<?xml version="1.0"?>
<opencv_storage>
<mtx1 type_id="opencv-matrix">
  <rows>3</rows>
  <cols>3</cols>
  <dt>d</dt>
  <data>
    3.4565207547124651e+03 0. 7.6183725894923555e+02 0.
    3.4567772073168803e+03 4.2693259565883818e+02 0. 0. 1.</data></mtx1>
<mtx2 type_id="opencv-matrix">
  <rows>3</rows>
  <cols>3</cols>
  <dt>d</dt>
  <data>
    3.4231057860130695e+03 0. 7.3299698448857293e+02 0.
    3.4501299117614108e+03 5.5652007629155901e+02 0. 0. 1.</data></mtx2>
<R type_id="opencv-matrix">
  <rows>3</rows>
  <cols>3</cols>
  <dt>d</dt>
  <data>
    9.9768056767031421e-01 6.2148712785189797e-02
    -2.7767289968299143e-02 -6.7962172162371909e-02
    8.8653882634557046e-01 -4.5763528331717435e-01
    -3.8246631239549824e-03 4.5846095458715158e-01
    8.8870632104819980e-01</data></R>
<T type_id="opencv-matrix">
  <rows>3</rows>
  <cols>1</cols>
  <dt>d</dt>
  <data>
    4.4356154456220791e+00 2.9535658621575053e+01 1.1461223098359509e+01</data></T>
</opencv_storage>
