<?xml version="1.0"?>
<opencv_storage>
<mtx1 type_id="opencv-matrix">
  <rows>3</rows>
  <cols>3</cols>
  <dt>d</dt>
  <data>
    6.7554866515251670e+03 0. 1.4845001815033345e+03 0.
    6.7552981545421071e+03 8.9319056731083913e+02 0. 0. 1.</data></mtx1>
<mtx2 type_id="opencv-matrix">
  <rows>3</rows>
  <cols>3</cols>
  <dt>d</dt>
  <data>
    6.6337692311976080e+03 0. 1.3885924217708989e+03 0.
    6.6438626695689472e+03 1.1224395157532490e+03 0. 0. 1.</data></mtx2>
<dist1 type_id="opencv-matrix">
  <rows>1</rows>
  <cols>5</cols>
  <dt>d</dt>
  <data>
    -7.1419828490451781e-02 -2.0774633186236025e+00
    -4.3550433184477190e-03 1.1153211566941730e-04
    4.6236922090078345e+01</data></dist1>
<dist2 type_id="opencv-matrix">
  <rows>1</rows>
  <cols>5</cols>
  <dt>d</dt>
  <data>
    -8.2410585940473000e-02 -3.0264169237634420e+00
    -6.9297717521774591e-04 -5.7667648517077969e-03
    8.3252671517871036e+01</data></dist2>
<R type_id="opencv-matrix">
  <rows>3</rows>
  <cols>3</cols>
  <dt>d</dt>
  <data>
    8.5330410899350506e-01 1.4246033148037119e-02
    -5.2121890613670707e-01 2.6168670481394370e-02
    9.9719686986902034e-01 7.0097099859154008e-02 5.2075646732425385e-01
    -7.3453749141708477e-02 8.5053938678757868e-01</data></R>
<T type_id="opencv-matrix">
  <rows>3</rows>
  <cols>1</cols>
  <dt>d</dt>
  <data>
    3.6539381555591069e+02 -1.9396514101882914e+01
    1.2334274339108475e+02</data></T>
</opencv_storage>
