<?xml version="1.0"?>
<opencv_storage>
<mtx1 type_id="opencv-matrix">
  <rows>3</rows>
  <cols>3</cols>
  <dt>d</dt>
  <data>
    6.7836763864161549e+03 0. 1.5250916298638517e+03 0.
    6.8196502785223247e+03 9.6945509454810599e+02 0. 0. 1.</data></mtx1>
<mtx2 type_id="opencv-matrix">
  <rows>3</rows>
  <cols>3</cols>
  <dt>d</dt>
  <data>
    6.7902457031379136e+03 0. 1.4968441824563665e+03 0.
    6.8236548637169853e+03 1.0454420682764699e+03 0. 0. 1.</data></mtx2>
<dist1 type_id="opencv-matrix">
  <rows>1</rows>
  <cols>5</cols>
  <dt>d</dt>
  <data>
    -1.2020509225806549e-02 -1.8750769452865499e+00
    -1.4168405571810601e-04 3.1640573867470394e-03
    2.8641207094206358e+01</data></dist1>
<dist2 type_id="opencv-matrix">
  <rows>1</rows>
  <cols>5</cols>
  <dt>d</dt>
  <data>
    -1.5670605968685469e-02 -7.5166558301039794e+00
    1.0058886929020143e-03 -1.0622072848478798e-03
    2.2383942134745254e+02</data></dist2>
<R type_id="opencv-matrix">
  <rows>3</rows>
  <cols>3</cols>
  <dt>d</dt>
  <data>
    9.2460563446570943e-01 1.8512790334451515e-03
    -3.8092124314640591e-01 6.9033951635213957e-03
    9.9974252819357035e-01 2.1615282934637520e-02 3.8086318258592450e-01
    -2.2615262259555804e-02 9.2435479447204272e-01</data></R>
<T type_id="opencv-matrix">
  <rows>3</rows>
  <cols>1</cols>
  <dt>d</dt>
  <data>
    3.1675443465226948e+02 2.9657612036471295e+00 6.8380755025115732e+01</data></T>
</opencv_storage>
