<?xml version="1.0"?>
<opencv_storage>
<mtx1 type_id="opencv-matrix">
  <rows>3</rows>
  <cols>3</cols>
  <dt>d</dt>
  <data>
    3.4791600589015497e+03 0. 7.7432525346396346e+02 0.
    3.4795175476510863e+03 5.5235721632522780e+02 0. 0. 1.</data></mtx1>
<mtx2 type_id="opencv-matrix">
  <rows>3</rows>
  <cols>3</cols>
  <dt>d</dt>
  <data>
    3.4899959958077129e+03 0. 8.7126282675358880e+02 0.
    3.4837506061790477e+03 5.6162171536824371e+02 0. 0. 1.</data></mtx2>
<dist1 type_id="opencv-matrix">
  <rows>1</rows>
  <cols>5</cols>
  <dt>d</dt>
  <data>
    4.9395554760922195e-03 -3.3221266827032134e+00
    3.0643555469798394e-03 2.5226757323946179e-03 4.3060905156491920e+01</data></dist1>
<dist2 type_id="opencv-matrix">
  <rows>1</rows>
  <cols>5</cols>
  <dt>d</dt>
  <data>
    -1.0052437613811643e-01 1.0275781344971462e+00
    2.4770976325977109e-03 8.3479220035562237e-03
    -3.7490211263672801e+00</data></dist2>
<R type_id="opencv-matrix">
  <rows>3</rows>
  <cols>3</cols>
  <dt>d</dt>
  <data>
    8.5785165355429893e-01 -2.3674963648309628e-02
    -5.1335176691076689e-01 -6.0746111184938785e-02
    9.8726307991071205e-01 -1.4704258233968134e-01
    5.1029447426957530e-01 1.5732484591273602e-01 8.4548710362043467e-01</data></R>
<T type_id="opencv-matrix">
  <rows>3</rows>
  <cols>1</cols>
  <dt>d</dt>
  <data>
    4.0460831417012422e+01 1.2084135510909148e+01 1.9445709367469416e+01</data></T>
</opencv_storage>
