<?xml version="1.0"?>
<opencv_storage>
<mtx1 type_id="opencv-matrix">
  <rows>3</rows>
  <cols>3</cols>
  <dt>d</dt>
  <data>
    6.7445654650662927e+03 0. 1.4921520610559705e+03 0.
    6.7835685111581452e+03 9.9067933134330281e+02 0. 0. 1.</data></mtx1>
<mtx2 type_id="opencv-matrix">
  <rows>3</rows>
  <cols>3</cols>
  <dt>d</dt>
  <data>
    6.7273316167887651e+03 0. 1.4774713867498649e+03 0.
    6.7618381098722703e+03 1.0474350694297052e+03 0. 0. 1.</data></mtx2>
<dist1 type_id="opencv-matrix">
  <rows>1</rows>
  <cols>5</cols>
  <dt>d</dt>
  <data>
    -1.9157238169987523e-01 3.3326551294792601e+00
    9.8269482866882160e-04 -2.4443326683481303e-03
    -3.1262265280514757e+01</data></dist1>
<dist2 type_id="opencv-matrix">
  <rows>1</rows>
  <cols>5</cols>
  <dt>d</dt>
  <data>
    -1.4146441100867510e-01 1.2228968193794372e+00
    1.7007414417404127e-03 -3.1695724060036338e-03
    -6.0906375906182593e+00</data></dist2>
<R type_id="opencv-matrix">
  <rows>3</rows>
  <cols>3</cols>
  <dt>d</dt>
  <data>
    9.6683097602024748e-01 -3.7939069289353970e-03
    -2.5538886052048193e-01 8.0477449011664478e-03
    9.9984571592854288e-01 1.5613396214316315e-02 2.5529022231519438e-01
    -1.7150819500946698e-02 9.6671234179599907e-01</data></R>
<T type_id="opencv-matrix">
  <rows>3</rows>
  <cols>1</cols>
  <dt>d</dt>
  <data>
    1.7839702099686076e+02 1.1493712435966685e+00 2.5080977447127896e+01</data></T>
</opencv_storage>
