<?xml version="1.0"?>
<opencv_storage>
<rmtx1 type_id="opencv-matrix">
  <rows>3</rows>
  <cols>3</cols>
  <dt>d</dt>
  <data>
    1. 0. 0. 0. 1. 0. 0. 0. 1.</data></rmtx1>
<rmtx2 type_id="opencv-matrix">
  <rows>3</rows>
  <cols>3</cols>
  <dt>d</dt>
  <data>
    9.0166920102746029e-01 4.2682118797461501e-05
    -4.3242646784943467e-01 6.5951184285235782e-03
    9.9988232808593747e-01 1.3850429392598087e-02 4.3237617456494432e-01
    -1.5340409371406336e-02 9.0156281839309593e-01</data></rmtx2>
<nodalpoint_camera1 type_id="opencv-matrix">
  <rows>3</rows>
  <cols>1</cols>
  <dt>i</dt>
  <data>
    0 0 0</data></nodalpoint_camera1>
<nodalpoint_camera2 type_id="opencv-matrix">
  <rows>3</rows>
  <cols>1</cols>
  <dt>d</dt>
  <data>
    -3.1167027006833314e+02 -3.1098244281391585e+00
    7.8523431850146636e+01</data></nodalpoint_camera2>
<LED1_location type_id="opencv-matrix">
  <rows>4</rows>
  <cols>1</cols>
  <dt>d</dt>
  <data>
    3.8047867351533426e+00 -6.2709819035368071e+00
    2.2362738472231740e+00 1.</data></LED1_location>
<LED2_location type_id="opencv-matrix">
  <rows>4</rows>
  <cols>1</cols>
  <dt>d</dt>
  <data>
    -1.7647385598912663e+02 5.9402739726302634e+01
    8.4061026368398416e+01 1.</data></LED2_location>
<LED3_location type_id="opencv-matrix">
  <rows>4</rows>
  <cols>1</cols>
  <dt>d</dt>
  <data>
    -3.7248832773878144e+02 -1.5094901383204707e+01
    1.2510571930569836e+02 1.</data></LED3_location>
</opencv_storage>
