<?xml version="1.0"?>
<opencv_storage>
<rmtx1 type_id="opencv-matrix">
  <rows>3</rows>
  <cols>3</cols>
  <dt>d</dt>
  <data>
    1. 0. 0. 0. 1. 0. 0. 0. 1.</data></rmtx1>
<rmtx2 type_id="opencv-matrix">
  <rows>3</rows>
  <cols>3</cols>
  <dt>d</dt>
  <data>
    9.2460563446570943e-01 1.8512790334451515e-03
    -3.8092124314640591e-01 6.9033951635213957e-03
    9.9974252819357035e-01 2.1615282934637520e-02 3.8086318258592450e-01
    -2.2615262259555804e-02 9.2435479447204272e-01</data></rmtx2>
<nodalpoint_camera1 type_id="opencv-matrix">
  <rows>3</rows>
  <cols>1</cols>
  <dt>i</dt>
  <data>
    0 0 0</data></nodalpoint_camera1>
<nodalpoint_camera2 type_id="opencv-matrix">
  <rows>3</rows>
  <cols>1</cols>
  <dt>d</dt>
  <data>
    -3.1893712082953220e+02 -2.0049497389756752e+00
    5.7386308495262128e+01</data></nodalpoint_camera2>
<LED1_location type_id="opencv-matrix">
  <rows>4</rows>
  <cols>1</cols>
  <dt>d</dt>
  <data>
    5.3634958956649626e+01 -1.8025205495515806e+01
    -2.0241595671110190e+01 1.</data></LED1_location>
<LED2_location type_id="opencv-matrix">
  <rows>4</rows>
  <cols>1</cols>
  <dt>d</dt>
  <data>
    -1.6754759434299865e+02 7.5482759803826468e+01
    2.7925453445703624e+01 1.</data></LED2_location>
<LED3_location type_id="opencv-matrix">
  <rows>4</rows>
  <cols>1</cols>
  <dt>d</dt>
  <data>
    -3.9217285677137011e+02 -1.7086913788046676e+01
    4.2592784741792684e+01 1.</data></LED3_location>
</opencv_storage>
